Output format --> Best fit at 1MB

1       alloc   99744   948832          948832          0
2       alloc   111776  837056          837056          99744
3       alloc   64864   772192          772192          211520
4       alloc   91552   680640          680640          276384
5       free    2       792416          680640          -1
6       free    4       883968          772192          -1
7       alloc   5600    878368          772192          99744
8       alloc   110304  768064          661888          276384
9       alloc   78688   689376          661888          105344
10      alloc   8032    681344          661888          184032
11      alloc   27872   653472          634016          386688
12      alloc   72992   580480          561024          414560
13      alloc   4960    575520          561024          192064
14      alloc   58400   517120          502624          487552
15      alloc   84640   432480          417984          545952
16      free    9       511168          417984          -1
17      alloc   25760   485408          417984          105344
18      free    7       491008          417984          -1
19      free    3       555872          417984          -1
20      alloc   6496    549376          417984          131104
_______________________________________________________________
500     alloc   33760   521088          267168          868928
501     free    475     626336          267168          -1
502     alloc   78112   548224          267168          102144
503     free    495     675744          394688          -1
504     alloc   40928   634816          394688          0
505     alloc   32800   602016          394688          902688
506     alloc   17568   584448          394688          40928
507     free    493     648352          458592          -1
508     free    485     745728          458592          -1
509     free    487     776608          458592          -1
510     free    488     810624          458592          -1
511     alloc   32672   777952          458592          58496
512     alloc   93280   684672          458592          935488
513     free    500     718432          492352          -1
514     alloc   129056  589376          492352          180256
515     free    505     622176          525152          -1
516     free    506     639744          525152          -1
517     free    490     674528          525152          -1
518     alloc   123872  550656          401280          410336
519     alloc   40160   510496          401280          309312
520     alloc   108320  402176          292960          534208
________________________________________________________________
980     alloc   13536   679360          594080          0
981     alloc   90656   588704          503424          454496
982     free    980     602240          503424          -1
983     alloc   4640    597600          503424          405824
984     alloc   87840   509760          415584          545152
985     free    962     542432          415584          -1
986     alloc   26592   515840          415584          217088
987     alloc   42016   473824          415584          0
988     free    975     475200          415584          -1
989     alloc   119072  356128          296512          632992
990     free    966     397312          296512          -1
991     free    967     472480          296512          -1
992     free    970     567936          296512          -1
993     free    974     598880          296512          -1
994     free    978     677760          296512          -1
995     free    981     768416          296512          -1
996     free    983     773056          296512          -1
997     free    984     860896          301472          -1
998     free    986     887488          389312          -1
999     free    987     929504          632992          -1
1000    free    989     1048576         1048576         -1
