Output format --> Best fit at 512KB

1       alloc   99744   424544          424544          0
2       alloc   111776  312768          312768          99744
3       alloc   64864   247904          247904          211520
4       alloc   91552   156352          156352          276384
5       free    2       268128          156352          -1
6       free    4       359680          247904          -1
7       alloc   5600    354080          247904          99744
8       alloc   110304  243776          137600          276384
9       alloc   78688   165088          137600          105344
10      alloc   8032    157056          137600          184032
11      alloc   27872   129184          109728          386688
12      alloc   72992   56192           36736           414560
13      alloc   4960    51232           36736           192064
14      alloc   58400   51232           36736           -1
15      alloc   84640   51232           36736           -1
16      free    9       129920          78688           -1
17      alloc   25760   104160          78688           487552
18      free    7       109760          84288           -1
19      free    3       174624          84288           -1
20      alloc   6496    168128          84288           513312
________________________________________________________________
500     alloc   33760   293472          211360          0
501     free    475     293472          211360          -1
502     alloc   78112   215360          211360          33760
503     free    495     215360          211360          -1
504     alloc   40928   174432          170432          312928
505     alloc   32800   141632          137632          353856
506     alloc   17568   124064          120064          386656
507     free    493     124064          120064          -1
508     free    485     221440          120064          -1
509     free    487     252320          132256          -1
510     free    488     286336          166272          -1
511     alloc   32672   253664          166272          404224
512     alloc   93280   160384          87392           111872
513     free    500     194144          87392           -1
514     alloc   129056  194144          87392           -1
515     free    505     226944          87392           -1
516     free    506     244512          87392           -1
517     free    490     279296          107776          -1
518     alloc   123872  279296          107776          -1
519     alloc   40160   239136          107776          353856
520     alloc   108320  239136          107776          -1
_______________________________________________________________
980     alloc   13536   250528          78208           110528
981     alloc   90656   250528          78208           -1
982     free    980     264064          78208           -1
983     alloc   4640    259424          78208           110528
984     alloc   87840   259424          78208           -1
985     free    962     292096          78208           -1
986     alloc   26592   265504          78208           115168
987     alloc   42016   223488          78208           221408
988     free    975     224864          137664          -1
989     alloc   119072  105792          78208           386624
990     free    966     146976          78208           -1
991     free    967     222144          79648           -1
992     free    970     222144          79648           -1
993     free    974     253088          110528          -1
994     free    978     331968          123200          -1
995     free    981     331968          123200          -1
996     free    983     336608          123200          -1
997     free    984     336608          123200          -1
998     free    986     363200          221408          -1
999     free    987     405216          386624          -1
1000    free    989     524288          524288          -1
