Output format --> First fit at 512 KB

1       alloc   99744   424544          424544          0
2       alloc   111776  312768          312768          99744
3       alloc   64864   247904          247904          211520
4       alloc   91552   156352          156352          276384
5       free    2       268128          156352          -1
6       free    4       359680          247904          -1
7       alloc   5600    354080          247904          99744
8       alloc   110304  243776          137600          276384
9       alloc   78688   165088          137600          105344
10      alloc   8032    157056          137600          184032
11      alloc   27872   129184          109728          386688
12      alloc   72992   56192           36736           414560
13      alloc   4960    51232           36736           192064
14      alloc   58400   51232           36736           -1
15      alloc   84640   51232           36736           -1
16      free    9       129920          78688           -1
17      alloc   25760   104160          52928           105344
18      free    7       109760          52928           -1
19      free    3       174624          79360           -1
20      alloc   6496    168128          79360           131104
_______________________________________________________________
500     alloc   33760   326944          162400          30880
501     free    475     326944          278272          -1
502     alloc   78112   248832          200160          64640
503     free    495     248832          200160          -1
504     alloc   40928   207904          159232          142752
505     alloc   32800   175104          126432          183680
506     alloc   17568   157536          108864          216480
507     free    493     221440          112576          -1
508     free    485     221440          112576          -1
509     free    487     252320          112576          -1
510     free    488     286336          142880          -1
511     alloc   32672   253664          112576          234048
512     alloc   93280   160384          112576          266720
513     free    500     194144          112576          -1
514     alloc   129056  194144          112576          -1
515     free    505     226944          112576          -1
516     free    506     244512          112576          -1
517     free    490     279296          112576          -1
518     alloc   123872  279296          112576          -1
519     alloc   40160   239136          112576          0
520     alloc   108320  130816          51712           411712
_______________________________________________________________
980     alloc   13536   155072          76288           0
981     alloc   90656   155072          76288           -1
982     free    980     168608          76288           -1
983     alloc   4640    163968          76288           0
984     alloc   87840   163968          76288           -1
985     free    962     196640          76288           -1
986     alloc   26592   170048          76288           4640
987     alloc   42016   128032          76288           105600
988     free    975     129408          76288           -1
989     alloc   119072  129408          76288           -1
990     free    966     170592          76288           -1
991     free    967     245760          94208           -1
992     free    970     341216          171744          -1
993     free    974     372160          172640          -1
994     free    978     451040          204032          -1
995     free    981     451040          376672          -1
996     free    983     455680          376672          -1
997     free    984     455680          376672          -1
998     free    986     482272          376672          -1
999     free    987     524288          524288          -1
1000    free    989     524288          524288          -1
