00000000110000000000000000000000
00000000010100000110000000000000
10110000000100110000000000011100
00100100000101000011001100010011
00110100000101000000010000001011
00110000000000000000010000001001
00000000110000000011000000000000
00000000010000000000000000000000
11110000000100010000000000000000
00010001101000000011000100000000
01100000001000000000000000000000
00110000000000000000010000001111
00000000110000000011000000000000
00000000010000000000000000000000
11100000000100010001000000000000
00000000110000000011000000000000
00000000010100010110000100000000
10011000000110100000000000000000
01100000000100011010000100000000
00110100000101000000010000011001
00110000000000000000010000010111
00110000000000000000000100000000
01101000000100000011100000000000
01010000000000000000000100010110
01100000000000000000000000000000
00110000000000000000010000011011
01101000000100000011100000000000
01101000000100010011100000000000
00100100000101000011001100101000
00110100000101000000010000100011
00110000000000000000010000100001
00000000000110100010001100000000
01100000110000001010000000000111
00000000000110100010001100000000
01110001101000001010000100001010
00110000000000000000010000100110
00000000000110100010001100000000
01100000110000001010000000001101
00000000000110100010001100000000
01100000110000001010000000010000
00110100000101000000010000101110
00110000000000000000010000101100
00110000000000000000000100010110
01100000000000000000000000000000
01010000000000000000000100000000
01101000000100000011100000000000
00110100000101000000010000110010
00000000000100100010011100000000
00010001101000000010000000000000
01101000001100000011100000000000
00110100000101000000010001000001
00110100000101000000010000111011
00110000000000000000010000111000
00000000110000000001000000000000
00000000010100100010011100000000
01100000101000000010000000001010
00000000110100100010011000000000
00000000010000000000000000000000
01100000101000000001000000001010
00110000000000000000010000111110
00000000000100100010011100000000
01110001101000000010000100001010
00000000110100100010011000000000
00000000010000000000000000000000
11110000000100010000000000000000
00110100000101000000010001001001
00110000000000000000010001000110
00000000110100100010011000000000
00000000010000000000000000000000
11110000000100000000000000000000
00010000000110100000000100000000
00010000000100010000001000000000
01110000000100100000101000000000
00110000000000000000010001001100
00001000000110100011100100000000
01100000000100100010101000000000
00100000000101000100010001010000
00001000000110100011100100000000
00011000000110100000101000000000
01100000000110101010011001001011
00100000000101000100010001110000
00100000000000000100010001101000
00010010000111110000100100000000
00010010000111110000111100000000
00101000000110101111001101011001
00010000110110110010010100000000
00010000010111010000010100000000
10110000000111000000000001011011
01110000000110110000010101011101
00011000000110100000101000000000
01100000000111011101011001010101
00011000000111000000110000000000
00000000000111011101011100000000
00000000000110111011110000000000
00000000000110101010011100000000
01010000000000000000101001100001
01100000000000000000000001011101
00110000000000000000101101100111
01010000000000000000110101100100
00011000000110110000101100000000
00010001101000000010101100000000
00000000001000000000000000000000
01110000000100010000010100000000
01110000000100010000011100000000
00010100000110100000011000000000
00000100000110101010011000000000
00000100000110101010011000000000
00000000000110101010011000000000
00001000000110110011101000000000
00100000000110111011011101101111
01110010000100010000000101101101
01100000000000000000000000000000
00100000000101000100010010011101
00000000110110100010011000000000
00010000010111110000010100000000
10010000110110111010000000000000
00000000010000000000000000000000
11010000000111000000000010000110
00110000000000000000101101111001
00110000000000000000110001111011
01100000000000000000000001111101
00011000000110110000101100000000
01100000000111111111011001110111
00011000000111000000110000000000
00000000000111111111011100000000
00000000000111101011011000000000
00011000000111010000110000000000
00100000000111101110110110000001
01100000000000000000000010001011
00000000000100100010011100000000
00010001101000000010101100000000
00010000001100010000010100000000
00000000000100100010011100000000
01110001101000000010010100001010
00000000000100100010011100000000
00010001101000000010011100000000
00010000001100010000011100000000
00000000000100100010011100000000
01110001101000000010010100001010
00010000000110100000010100000000
00010000000111010000101100000000
00010000000111100000010100000000
00010000000100010000111100000000
00011000000111110000110000000000
00100000000111101101111110010100
00000000000110101010011000000000
00000000000111011101111100000000
01100000000000000000000010010000
01010000000000000000000110010110
00011000000110100000101000000000
00000000000100100010011100000000
00010001101000000010110100000000
00000000001000000000000000000000
00000000000100100010011100000000
00010001101000000010101000000000
00000000001000000000000000000000
01110000000100010000010100000000
00000000011000000000000000000000
