1	alloc	99744	948832		948832		0
2	alloc	111776	837056		837056		99744
3	alloc	64864	772192		772192		211520
4	alloc	91552	680640		680640		276384
5	free	2	792416		680640		-1
6	free	4	883968		772192		-1
7	alloc	5600	878368		772192		99744
8	alloc	110304	768064		661888		276384
9	alloc	78688	689376		661888		105344
10	alloc	8032	681344		661888		184032
11	alloc	27872	653472		634016		386688
12	alloc	72992	580480		561024		414560
13	alloc	4960	575520		561024		192064
14	alloc	58400	517120		502624		487552
15	alloc	84640	432480		417984		545952
16	free	9	511168		417984		-1
17	alloc	25760	485408		417984		105344
18	free	7	491008		417984		-1
19	free	3	555872		417984		-1
20	alloc	6496	549376		417984		131104
21	alloc	118240	431136		299744		630592
22	free	11	459008		299744		-1
23	alloc	44448	414560		299744		137600
24	free	10	422592		299744		-1
25	alloc	113440	309152		186304		748832
26	free	1	408896		186304		-1
27	free	21	527136		186304		-1
28	free	20	533632		186304		-1
29	free	15	618272		202880		-1
30	alloc	115040	503232		186304		545952
31	free	17	528992		186304		-1
32	alloc	55072	473920		186304		0
33	free	13	478880		186304		-1
34	free	23	523328		186304		-1
35	free	32	578400		276384		-1
36	alloc	57312	521088		219072		0
37	alloc	101408	419680		186304		57312
38	free	8	529984		227968		-1
39	free	12	602976		255840		-1
40	free	14	661376		328832		-1
41	alloc	71328	590048		257504		158720
42	alloc	26144	563904		231360		230048
43	alloc	55968	507936		186304		256192
44	alloc	17824	490112		186304		312160
45	free	42	516256		215968		-1
46	free	36	573568		215968		-1
47	alloc	49120	524448		215968		0
48	free	41	595776		215968		-1
49	alloc	87200	508576		215968		158720
50	alloc	16928	491648		199040		329984
51	alloc	10848	480800		188192		346912
52	free	50	497728		188192		-1
53	free	49	584928		188192		-1
54	alloc	110112	474816		186304		357760
55	free	25	588256		201280		-1
56	alloc	36640	551616		201280		158720
57	free	54	661728		387584		-1
58	alloc	90592	571136		387584		357760
59	alloc	32	571104		387584		49120
60	free	30	686144		387584		-1
61	alloc	57312	628832		387584		195360
62	alloc	113952	514880		387584		448352
63	free	37	616288		486272		-1
64	alloc	88160	528128		486272		49152
65	free	43	584096		486272		-1
66	free	51	594944		486272		-1
67	alloc	35424	559520		486272		252672
68	alloc	7584	551936		486272		137312
69	free	47	601056		486272		-1
70	free	68	608640		486272		-1
71	alloc	60960	547680		425312		562304
72	alloc	36704	510976		425312		0
73	free	58	601568		425312		-1
74	free	44	619392		425312		-1
75	alloc	44512	574880		425312		329984
76	alloc	34656	540224		425312		288096
77	free	59	540256		425312		-1
78	alloc	85024	455232		340288		623264
79	free	56	491872		340288		-1
80	alloc	42080	449792		340288		137312
81	alloc	39520	410272		340288		374496
82	alloc	79840	330432		260448		708288
83	free	80	372512		260448		-1
84	free	61	429824		260448		-1
85	alloc	79840	349984		260448		137312
86	alloc	110816	239168		149632		788128
87	alloc	61664	177504		87968		898944
88	alloc	51808	125696		36160		960608
89	alloc	53152	125696		36160		-1
90	free	67	161120		70944		-1
91	free	62	275072		148288		-1
92	free	78	360096		148288		-1
93	free	64	448256		148288		-1
94	free	75	492768		148288		-1
95	free	72	529472		148288		-1
96	free	76	564128		148288		-1
97	free	81	603648		187808		-1
98	alloc	40736	562912		187808		0
99	alloc	108192	454720		187808		217152
100	free	71	515680		236960		-1
101	free	85	595520		382944		-1
102	alloc	43552	551968		382944		40736
103	alloc	95840	456128		382944		84288
104	free	98	496864		382944		-1
105	free	89	496864		382944		-1
106	free	103	592704		382944		-1
107	alloc	10464	582240		382944		0
108	alloc	51552	530688		382944		84288
109	free	86	641504		382944		-1
110	free	108	693056		382944		-1
111	alloc	31200	661856		382944		84288
112	free	82	741696		462784		-1
113	free	88	793504		573600		-1
114	alloc	63648	729856		573600		115488
115	free	87	791520		635264		-1
116	free	99	899712		723232		-1
117	alloc	96480	803232		723232		179136
118	alloc	44832	758400		723232		275616
119	alloc	24864	733536		723232		10464
120	free	119	758400		728128		-1
121	alloc	80224	678176		647904		320448
122	alloc	91680	586496		556224		400672
123	free	107	596960		556224		-1
124	alloc	94752	502208		461472		492352
125	alloc	113376	388832		348096		587104
126	alloc	82272	306560		265824		700480
127	free	102	350112		265824		-1
128	free	111	381312		265824		-1
129	alloc	124832	256480		140992		782752
130	alloc	45664	210816		140992		0
131	free	114	274464		140992		-1
132	alloc	94432	180032		140992		45664
133	free	126	262304		140992		-1
134	free	124	357056		140992		-1
135	free	122	448736		186432		-1
136	alloc	44192	404544		142240		400672
137	free	132	498976		142240		-1
138	alloc	93856	405120		142240		45664
139	alloc	124064	281056		140992		444864
140	free	136	325248		140992		-1
141	free	118	370080		140992		-1
142	free	121	450304		140992		-1
143	alloc	24288	426016		140992		139520
144	free	117	522496		169248		-1
145	free	139	646560		281056		-1
146	free	125	759936		423296		-1
147	alloc	84000	675936		339296		163808
148	alloc	62688	613248		276608		247808
149	free	147	697248		472256		-1
150	free	129	822080		597088		-1
151	alloc	123104	698976		473984		310496
152	alloc	84384	614592		389600		433600
153	alloc	67936	546656		389600		163808
154	alloc	67872	478784		321728		517984
155	free	148	541472		462720		-1
156	free	130	587136		462720		-1
157	alloc	91104	496032		371616		585856
158	alloc	21280	474752		371616		0
159	alloc	8480	466272		371616		21280
160	free	138	560128		371616		-1
161	alloc	27872	532256		371616		29760
162	alloc	30304	501952		371616		57632
163	alloc	44256	457696		371616		87936
164	free	158	478976		371616		-1
165	alloc	93408	385568		278208		676960
166	alloc	46368	339200		278208		231744
167	alloc	47584	291616		230624		770368
168	free	157	382720		230624		-1
169	free	163	426976		230624		-1
170	free	151	550080		230624		-1
171	free	143	574368		230624		-1
172	alloc	122528	451840		230624		278112
173	alloc	56800	395040		230624		87936
174	free	153	462976		230624		-1
175	free	154	530848		230624		-1
176	alloc	69984	460864		230624		144736
177	free	152	545248		230624		-1
178	alloc	92448	452800		230624		400640
179	alloc	18400	434400		230624		0
180	free	161	462272		230624		-1
181	free	159	470752		230624		-1
182	free	172	593280		230624		-1
183	free	162	623584		230624		-1
184	alloc	74080	549504		230624		278112
185	alloc	114656	434848		230624		493088
186	alloc	93216	341632		137408		817952
187	alloc	103776	237856		69536		911168
188	alloc	3936	233920		69216		18400
189	free	166	280288		69216		-1
190	free	165	373696		162624		-1
191	free	176	443680		162624		-1
192	free	167	491264		210208		-1
193	alloc	94240	397024		210208		144736
194	free	186	490240		303424		-1
195	free	179	508640		303424		-1
196	alloc	112480	396160		190944		607744
197	free	173	452960		190944		-1
198	free	187	556736		294720		-1
199	alloc	102560	454176		294720		22336
200	alloc	91424	362752		203296		720224
201	alloc	69472	293280		133824		811648
202	alloc	15328	277952		133824		0
203	alloc	14240	263712		133824		124896
204	alloc	105760	157952		48448		881120
205	free	178	250400		140896		-1
206	free	184	324480		140896		-1
207	alloc	80608	243872		140896		238976
208	alloc	101536	142336		61696		352192
209	free	200	233760		91424		-1
210	alloc	63648	170112		61696		720224
211	free	196	282592		112480		-1
212	alloc	46304	236288		66176		607744
213	alloc	112480	236288		66176		-1
214	free	185	350944		154016		-1
215	free	188	354880		154016		-1
216	alloc	48992	305888		105024		453728
217	alloc	128224	305888		105024		-1
218	alloc	65568	240320		66176		502720
219	alloc	14816	225504		66176		319584
220	free	202	240832		66176		-1
221	free	212	287136		85760		-1
222	free	193	381376		151936		-1
223	free	210	445024		215584		-1
224	free	219	459840		243360		-1
225	free	201	529312		312832		-1
226	alloc	122592	406720		190240		568288
227	alloc	16480	390240		190240		0
228	free	208	491776		190240		-1
229	free	199	594336		190240		-1
230	alloc	122080	472256		190240		319584
231	free	203	486496		190240		-1
232	free	213	486496		222496		-1
233	free	204	592256		296000		-1
234	alloc	116000	476256		296000		16480
235	alloc	65824	410432		296000		132480
236	alloc	110944	299488		185056		690880
237	free	207	380096		246752		-1
238	alloc	36192	343904		246752		198304
239	alloc	58336	285568		246752		234496
240	free	216	334560		246752		-1
241	free	226	457152		246752		-1
242	free	234	573152		246752		-1
243	alloc	57184	515968		246752		16480
244	free	227	532448		246752		-1
245	free	218	598016		246752		-1
246	free	217	598016		249216		-1
247	alloc	105632	492384		246752		441664
248	alloc	121056	371328		246752		547296
249	free	248	492384		246752		-1
250	free	230	614464		246752		-1
251	alloc	42080	572384		246752		73664
252	alloc	87328	485056		246752		292832
253	alloc	8352	476704		246752		0
254	alloc	48416	428288		246752		380160
255	free	247	533920		246752		-1
256	free	251	576000		262304		-1
257	alloc	17312	558688		262304		73664
258	free	243	615872		262304		-1
259	alloc	63136	552736		262304		8352
260	free	236	663680		373248		-1
261	free	235	729504		620000		-1
262	alloc	47328	682176		620000		90976
263	free	238	718368		620000		-1
264	free	239	776704		620000		-1
265	alloc	52256	724448		620000		138304
266	alloc	118048	606400		501952		428576
267	alloc	98656	507744		501952		190560
268	alloc	11552	496192		490400		546624
269	alloc	125344	370848		365056		558176
270	free	257	388160		365056		-1
271	alloc	116064	272096		248992		683520
272	alloc	69664	202432		179328		799584
273	free	271	318496		179328		-1
274	free	254	366912		179328		-1
275	alloc	114976	251936		179328		683520
276	alloc	44064	207872		179328		380160
277	free	253	216224		179328		-1
278	alloc	39520	176704		139808		869248
279	alloc	106784	69920		33024		908768
280	free	262	117248		66816		-1
281	free	252	204576		90944		-1
282	free	259	267712		138304		-1
283	alloc	24096	243616		114208		0
284	alloc	71968	171648		90944		24096
285	free	276	215712		135008		-1
286	alloc	58976	156736		76032		289216
287	free	272	226400		80384		-1
288	free	267	325056		98656		-1
289	free	269	450400		125344		-1
290	free	279	557184		139808		-1
291	free	265	609440		139808		-1
292	alloc	111008	498432		139808		558176
293	free	268	509984		193152		-1
294	alloc	42336	467648		150816		96064
295	alloc	121184	346464		139808		138400
296	free	266	464512		198432		-1
297	alloc	26848	437664		198432		259584
298	alloc	77216	360448		139808		348192
299	alloc	103776	256672		139808		425408
300	alloc	120480	136192		70752		908768
301	free	284	208160		71968		-1
302	alloc	118560	208160		71968		-1
303	alloc	42080	166080		70752		24096
304	free	275	281056		129312		-1
305	free	278	320576		200064		-1
306	free	294	362912		239584		-1
307	alloc	72992	289920		166592		669184
308	free	302	289920		166592		-1
309	alloc	44512	245408		166592		66176
310	free	300	365888		287072		-1
311	alloc	32224	333664		254848		742176
312	alloc	87648	246016		167200		774400
313	free	283	270112		186528		-1
314	alloc	32352	237760		154176		862048
315	free	286	296736		154176		-1
316	free	297	323584		154176		-1
317	free	292	434592		154176		-1
318	alloc	63584	371008		154176		259584
319	free	303	413088		154176		-1
320	alloc	30624	382464		154176		0
321	alloc	18336	364128		154176		30624
322	free	295	485312		154176		-1
323	free	309	529824		154176		-1
324	alloc	224	529600		154176		48960
325	free	299	633376		243776		-1
326	alloc	113760	519616		243776		49184
327	free	298	596832		243776		-1
328	alloc	12960	583872		243776		162944
329	alloc	46688	537184		243776		175904
330	alloc	44128	493056		243776		323168
331	alloc	86176	406880		157600		425408
332	alloc	109792	297088		154176		511584
333	free	314	329440		186528		-1
334	alloc	74784	254656		111744		862048
335	free	307	327648		120800		-1
336	alloc	1376	326272		120800		222592
337	free	326	440032		120800		-1
338	free	320	470656		120800		-1
339	free	311	502880		153024		-1
340	free	312	590528		240672		-1
341	alloc	50848	539680		240672		49184
342	alloc	80800	458880		159872		621376
343	free	318	522464		159872		-1
344	free	328	535424		159872		-1
345	alloc	117088	418336		111744		702176
346	alloc	112864	418336		111744		-1
347	alloc	3616	414720		111744		0
348	free	324	414944		111744		-1
349	alloc	56224	358720		111744		100032
350	alloc	128160	358720		111744		-1
351	free	321	377056		111744		-1
352	alloc	85472	291584		111744		223968
353	free	330	335712		111744		-1
354	alloc	55456	280256		111744		309440
355	free	329	326944		111744		-1
356	free	334	401728		117568		-1
357	free	336	403104		229312		-1
358	free	332	512896		229312		-1
359	free	331	599072		229312		-1
360	alloc	23264	575808		229312		3616
361	free	341	626656		256480		-1
362	free	342	707456		337280		-1
363	free	345	824544		454368		-1
364	alloc	37792	786752		454368		26880
365	free	347	790368		683680		-1
366	free	360	813632		683680		-1
367	free	349	869856		683680		-1
368	alloc	69728	800128		683680		64672
369	alloc	2208	797920		683680		0
370	alloc	6368	791552		683680		2208
371	alloc	40608	750944		683680		156256
372	alloc	103328	647616		580352		364896
373	alloc	53280	594336		527072		468224
374	free	346	594336		527072		-1
375	alloc	87200	507136		439872		521504
376	free	368	576864		439872		-1
377	alloc	70752	506112		439872		64672
378	alloc	68832	437280		371040		608704
379	free	352	522752		371040		-1
380	free	350	522752		371040		-1
381	alloc	36000	486752		371040		196864
382	free	354	542208		371040		-1
383	free	364	580000		371040		-1
384	alloc	117344	462656		371040		232864
385	alloc	46176	416480		371040		8576
386	free	375	503680		371040		-1
387	alloc	83872	419808		371040		521504
388	free	371	460416		371040		-1
389	alloc	118112	342304		252928		677536
390	free	381	378304		252928		-1
391	free	372	481632		252928		-1
392	alloc	91808	389824		252928		135424
393	free	373	443104		252928		-1
394	alloc	40608	402496		252928		350208
395	alloc	27040	375456		252928		390816
396	free	389	493568		371040		-1
397	free	370	499936		371040		-1
398	free	369	502144		371040		-1
399	alloc	37344	464800		371040		417856
400	alloc	45152	419648		371040		455200
401	alloc	21152	398496		371040		500352
402	alloc	107168	291328		263872		677536
403	alloc	72416	218912		191456		784704
404	free	387	302784		191456		-1
405	free	377	373536		191456		-1
406	alloc	30944	342592		191456		54752
407	free	378	411424		191456		-1
408	alloc	66208	345216		191456		521504
409	alloc	108512	236704		89824		857120
410	free	400	281856		89824		-1
411	free	392	373664		141536		-1
412	alloc	64160	309504		89824		85696
413	free	385	355680		89824		-1
414	free	384	473024		200352		-1
415	alloc	22304	450720		200352		0
416	free	401	471872		200352		-1
417	alloc	28896	442976		200352		22304
418	free	395	470016		200352		-1
419	free	399	507360		200352		-1
420	free	394	547968		240960		-1
421	free	403	620384		371648		-1
422	free	408	686592		437856		-1
423	alloc	61856	624736		376000		149856
424	free	402	731904		465824		-1
425	free	406	762848		645408		-1
426	alloc	54688	708160		590720		211712
427	alloc	7648	700512		590720		51200
428	alloc	85728	614784		504992		266400
429	alloc	111136	503648		393856		352128
430	free	417	532544		393856		-1
431	free	426	587232		393856		-1
432	free	415	609536		393856		-1
433	alloc	10784	598752		393856		0
434	alloc	95520	503232		298336		463264
435	free	423	565088		298336		-1
436	free	409	673600		406848		-1
437	free	429	784736		489792		-1
438	alloc	67104	717632		489792		149856
439	alloc	129184	588448		360608		558784
440	free	412	652608		360608		-1
441	free	433	663392		360608		-1
442	alloc	7904	655488		360608		0
443	free	428	741216		360608		-1
444	alloc	18784	722432		360608		7904
445	alloc	40032	682400		360608		58848
446	alloc	119200	563200		360608		216960
447	alloc	28384	534816		360608		98880
448	alloc	103264	431552		360608		352128
449	alloc	74464	357088		286144		687968
450	alloc	3936	353152		286144		26688
451	free	439	482336		286144		-1
452	alloc	13728	468608		286144		30624
453	free	442	476512		286144		-1
454	free	438	543616		286144		-1
455	alloc	89696	453920		286144		127264
456	free	446	573120		286144		-1
457	free	427	580768		286144		-1
458	free	449	655232		286144		-1
459	free	448	758496		489792		-1
460	alloc	96224	662272		489792		216960
461	alloc	114784	547488		489792		313184
462	free	455	637184		489792		-1
463	free	445	677216		489792		-1
464	free	434	772736		489792		-1
465	alloc	47200	725536		489792		44352
466	alloc	45152	680384		489792		127264
467	free	450	684320		620608		-1
468	alloc	11680	672640		620608		172416
469	alloc	91040	581600		529568		427968
470	free	468	593280		529568		-1
471	alloc	126944	466336		402624		519008
472	free	447	494720		402624		-1
473	free	471	621664		529568		-1
474	free	444	640448		529568		-1
475	alloc	105248	535200		424320		519008
476	alloc	111264	423936		313056		624256
477	free	460	520160		313056		-1
478	alloc	54624	465536		313056		172416
479	free	452	479264		313056		-1
480	free	469	570304		313056		-1
481	free	466	615456		313056		-1
482	free	476	726720		424320		-1
483	free	461	841504		424320		-1
484	alloc	115872	725632		424320		227040
485	alloc	97376	628256		326944		624256
486	alloc	71264	556992		326944		91552
487	alloc	30880	526112		326944		0
488	alloc	34016	492096		326944		342912
489	alloc	121504	370592		205440		721632
490	alloc	34784	335808		205440		376928
491	free	465	383008		205440		-1
492	alloc	41248	341760		205440		30880
493	alloc	63904	277856		205440		411712
494	free	489	399360		326944		-1
495	alloc	127520	271840		199424		721632
496	free	492	313088		199424		-1
497	free	486	384352		199424		-1
498	free	478	438976		199424		-1
499	free	484	554848		199424		-1
500	alloc	33760	521088		199424		30880
501	free	475	626336		278272		-1
502	alloc	78112	548224		200160		64640
503	free	495	675744		326944		-1
504	alloc	40928	634816		326944		142752
505	alloc	32800	602016		326944		183680
506	alloc	17568	584448		326944		216480
507	free	493	648352		326944		-1
508	free	485	745728		326944		-1
509	free	487	776608		636864		-1
510	free	488	810624		636864		-1
511	alloc	32672	777952		636864		234048
512	alloc	93280	684672		636864		266720
513	free	500	718432		636864		-1
514	alloc	129056	589376		507808		411712
515	free	505	622176		507808		-1
516	free	506	639744		507808		-1
517	free	490	674528		507808		-1
518	alloc	123872	550656		383936		540768
519	alloc	40160	510496		383936		0
520	alloc	108320	402176		275616		664640
521	alloc	14752	387424		275616		40160
522	alloc	92512	294912		183104		772960
523	free	518	418784		183104		-1
524	free	514	547840		183104		-1
525	free	504	588768		304640		-1
526	free	520	697088		412960		-1
527	alloc	71904	625184		412960		142752
528	alloc	32608	592576		380352		360000
529	free	502	670688		380352		-1
530	alloc	19360	651328		380352		54912
531	alloc	76256	575072		304096		392608
532	alloc	83040	492032		221056		468864
533	free	511	524704		221056		-1
534	free	522	617216		313568		-1
535	alloc	117408	499808		196160		551904
536	alloc	103520	396288		183104		669312
537	alloc	55584	340704		183104		74272
538	alloc	35168	305536		183104		214656
539	free	521	320288		275744		-1
540	free	538	355456		275744		-1
541	free	512	448736		275744		-1
542	alloc	57888	390848		275744		214656
543	free	519	431008		275744		-1
544	alloc	105312	325696		170432		772832
545	free	531	401952		170432		-1
546	alloc	23584	378368		170432		0
547	alloc	95584	282784		87456		878144
548	free	546	306368		87456		-1
549	alloc	33632	272736		87456		0
550	free	527	344640		87456		-1
551	alloc	117344	344640		87456		-1
552	free	528	377248		120064		-1
553	free	530	396608		196320		-1
554	alloc	49888	346720		196320		129856
555	free	554	396608		196320		-1
556	alloc	126048	270560		84800		272544
557	free	547	366144		170432		-1
558	free	556	492192		196320		-1
559	free	535	609600		196320		-1
560	free	532	692640		279360		-1
561	alloc	76064	616576		279360		129856
562	alloc	36832	579744		279360		33632
563	free	542	637632		396768		-1
564	free	544	742944		463392		-1
565	free	537	798528		463392		-1
566	free	536	902048		566912		-1
567	alloc	71008	831040		495904		205920
568	alloc	8672	822368		495904		70464
569	free	551	822368		771648		-1
570	alloc	49760	772608		771648		79136
571	alloc	94816	677792		676832		276928
572	free	571	772608		771648		-1
573	alloc	127328	645280		644320		276928
574	free	562	682112		644320		-1
575	free	561	758176		644320		-1
576	alloc	72992	685184		644320		128896
577	free	549	718816		644320		-1
578	free	573	846144		771648		-1
579	alloc	93408	752736		678240		276928
580	alloc	81568	671168		596672		370336
581	alloc	100960	570208		495712		451904
582	alloc	52576	517632		495712		0
583	alloc	69664	447968		426048		552864
584	alloc	75040	372928		351008		622528
585	free	584	447968		426048		-1
586	alloc	82656	365312		343392		622528
587	alloc	72864	292448		270528		705184
588	free	567	363456		270528		-1
589	alloc	62432	301024		270528		201888
590	alloc	53280	247744		217248		778048
591	alloc	48992	198752		168256		831328
592	alloc	58208	140544		110048		880320
593	free	579	233952		110048		-1
594	free	570	283712		110048		-1
595	free	589	346144		168448		-1
596	free	568	354816		168448		-1
597	free	591	403808		168448		-1
598	free	587	476672		168448		-1
599	alloc	55456	421216		168448		52576
600	alloc	35232	385984		133216		201888
601	free	576	458976		133216		-1
602	free	600	494208		133216		-1
603	alloc	1824	492384		133216		108032
604	alloc	65568	426816		133216		109856
605	alloc	57440	369376		133216		175424
606	free	603	371200		137472		-1
607	free	580	452768		219040		-1
608	free	582	505344		219040		-1
609	alloc	24288	481056		219040		0
610	alloc	91040	390016		128000		232864
611	free	581	490976		228960		-1
612	alloc	102944	388032		126016		323904
613	free	583	457696		195680		-1
614	alloc	78304	379392		117376		426848
615	free	586	462048		200032		-1
616	free	599	517504		272896		-1
617	alloc	98528	418976		174368		505152
618	alloc	54304	364672		174368		24288
619	free	590	417952		227648		-1
620	free	592	476160		276640		-1
621	alloc	126240	349920		168256		603680
622	free	609	374208		318656		-1
623	alloc	97568	276640		221088		729920
624	free	605	334080		221088		-1
625	free	618	388384		221088		-1
626	alloc	78560	309824		221088		0
627	alloc	57952	251872		163136		827488
628	free	604	317440		163136		-1
629	alloc	81184	236256		163136		78560
630	free	610	327296		163136		-1
631	alloc	76000	251296		163136		232864
632	alloc	108896	142400		73120		885440
633	alloc	15136	127264		57984		159744
634	alloc	65696	127264		57984		-1
635	alloc	100448	127264		57984		-1
636	free	626	205824		78560		-1
637	free	623	303392		97568		-1
638	free	633	318528		97568		-1
639	free	617	417056		98528		-1
640	free	612	520000		117984		-1
641	alloc	67424	452576		117984		0
642	free	634	452576		117984		-1
643	free	614	530880		196288		-1
644	alloc	15648	515232		196288		159744
645	alloc	19744	495488		196288		175392
646	alloc	117536	377952		98528		308864
647	free	621	504192		223808		-1
648	free	641	571616		401088		-1
649	free	629	652800		401088		-1
650	alloc	76512	576288		401088		0
651	alloc	80928	495360		401088		76512
652	alloc	41568	453792		359520		426400
653	free	635	453792		359520		-1
654	alloc	48608	405184		310912		467968
655	free	631	481184		310912		-1
656	free	627	539136		368864		-1
657	free	632	648032		477760		-1
658	alloc	55712	592320		477760		195136
659	free	645	612064		532000		-1
660	free	658	667776		532000		-1
661	alloc	27296	640480		532000		175392
662	free	646	758016		532000		-1
663	alloc	127584	630432		404416		516576
664	alloc	12704	617728		404416		202688
665	free	644	633376		404416		-1
666	free	652	674944		404416		-1
667	alloc	105632	569312		404416		215392
668	free	651	650240		404416		-1
669	free	667	755872		404416		-1
670	alloc	53664	702208		404416		76512
671	alloc	30752	671456		404416		130176
672	free	670	725120		404416		-1
673	alloc	51552	673568		404416		76512
674	alloc	59232	614336		404416		215392
675	free	654	662944		404416		-1
676	alloc	126816	536128		404416		274624
677	free	664	548832		404416		-1
678	alloc	54688	494144		404416		401440
679	alloc	9760	484384		404416		160928
680	free	650	560896		404416		-1
681	alloc	111456	449440		292960		644160
682	alloc	28896	420544		292960		0
683	alloc	45088	375456		292960		28896
684	free	671	406208		292960		-1
685	alloc	11040	395168		292960		128064
686	free	663	522752		292960		-1
687	alloc	52000	470752		292960		456128
688	alloc	16736	454016		292960		139104
689	alloc	62816	391200		292960		508128
690	free	688	407936		292960		-1
691	free	661	435232		292960		-1
692	free	674	494464		292960		-1
693	free	673	546016		292960		-1
694	alloc	3040	542976		292960		73984
695	alloc	56672	486304		292960		170688
696	alloc	31584	454720		292960		77024
697	free	682	483616		292960		-1
698	free	683	528704		292960		-1
699	free	679	538464		292960		-1
700	free	681	649920		292960		-1
701	alloc	81888	568032		292960		570944
702	free	685	579072		395744		-1
703	alloc	44320	534752		395744		0
704	alloc	75040	459712		320704		652832
705	free	676	586528		320704		-1
706	free	678	641216		320704		-1
707	alloc	113376	527840		320704		227360
708	free	703	572160		320704		-1
709	alloc	21472	550688		320704		0
710	alloc	19744	530944		320704		21472
711	free	687	582944		320704		-1
712	free	694	585984		320704		-1
713	alloc	123936	462048		320704		340736
714	alloc	117664	344384		203040		727872
715	free	701	426272		203040		-1
716	free	689	489088		203040		-1
717	alloc	71712	417376		203040		464672
718	free	707	530752		203040		-1
719	alloc	31584	499168		203040		41216
720	free	695	555840		203040		-1
721	alloc	114592	441248		203040		108608
722	free	717	512960		203040		-1
723	alloc	608	512352		203040		72800
724	alloc	19360	492992		203040		223200
725	alloc	58592	434400		203040		242560
726	free	696	465984		203040		-1
727	free	709	487456		203040		-1
728	free	725	546048		203040		-1
729	alloc	51360	494688		203040		242560
730	free	713	618624		203040		-1
731	free	704	693664		358912		-1
732	free	710	713408		433952		-1
733	alloc	22112	691296		433952		0
734	alloc	108960	582336		324992		293920
735	alloc	18016	564320		324992		22112
736	alloc	24864	539456		324992		73408
737	alloc	92064	447392		232928		402880
738	free	734	556352		232928		-1
739	alloc	88800	467552		232928		293920
740	free	721	582144		232928		-1
741	alloc	27296	554848		232928		98272
742	free	719	586432		232928		-1
743	free	714	704096		350592		-1
744	free	723	704704		553632		-1
745	free	739	793504		553632		-1
746	alloc	99040	694464		553632		293920
747	free	724	713824		553632		-1
748	free	733	735936		553632		-1
749	alloc	117920	618016		435712		494944
750	free	746	717056		435712		-1
751	free	737	809120		435712		-1
752	free	735	827136		435712		-1
753	alloc	76064	751072		435712		125568
754	free	729	802432		435712		-1
755	alloc	38816	763616		435712		0
756	alloc	32544	731072		435712		38816
757	free	753	807136		435712		-1
758	alloc	22880	784256		435712		125568
759	free	736	809120		435712		-1
760	alloc	56096	753024		435712		148448
761	alloc	31328	721696		435712		204544
762	alloc	3360	718336		435712		71360
763	free	758	741216		435712		-1
764	alloc	105696	635520		435712		235872
765	alloc	97952	537568		435712		341568
766	free	749	655488		435712		-1
767	free	741	682784		609056		-1
768	alloc	19808	662976		609056		74720
769	alloc	18272	644704		609056		94528
770	alloc	115680	529024		493376		439520
771	alloc	53984	475040		439392		555200
772	free	770	590720		439392		-1
773	free	755	629536		439392		-1
774	alloc	112032	517504		439392		439520
775	alloc	5792	511712		439392		0
776	free	761	543040		439392		-1
777	free	756	575584		439392		-1
778	free	775	581376		439392		-1
779	alloc	28384	552992		439392		0
780	alloc	121824	431168		317568		609184
781	free	769	449440		317568		-1
782	free	768	469248		317568		-1
783	alloc	15456	453792		317568		28384
784	free	765	551744		317568		-1
785	free	783	567200		317568		-1
786	free	764	672896		317568		-1
787	alloc	17824	655072		317568		28384
788	free	774	767104		317568		-1
789	alloc	16736	750368		317568		46208
790	free	760	806464		350656		-1
791	free	762	809824		480480		-1
792	alloc	81376	728448		399104		74720
793	alloc	39328	689120		359776		156096
794	alloc	34592	654528		325184		195424
795	free	771	708512		379168		-1
796	alloc	124896	583616		317568		230016
797	free	793	622944		317568		-1
798	alloc	69856	553088		317568		354912
799	alloc	92640	460448		317568		424768
800	free	779	488832		317568		-1
801	free	789	505568		317568		-1
802	alloc	126624	378944		190944		731008
803	alloc	16864	362080		190944		0
804	free	799	454720		190944		-1
805	free	792	536096		190944		-1
806	free	780	657920		306240		-1
807	alloc	39520	618400		306240		46208
808	alloc	4128	614272		306240		16864
809	free	803	631136		306240		-1
810	free	787	648960		306240		-1
811	alloc	125984	522976		190944		424768
812	alloc	107040	415936		190944		85728
813	alloc	123808	292128		190944		550752
814	alloc	77088	215040		113856		857632
815	free	813	338848		180256		-1
816	free	802	465472		306880		-1
817	free	798	535328		306880		-1
818	free	807	574848		306880		-1
819	alloc	82912	491936		223968		550752
820	alloc	51552	440384		223968		20992
821	alloc	67360	373024		223968		354912
822	free	794	407616		223968		-1
823	alloc	76000	331616		147968		633664
824	alloc	23840	307776		147968		192768
825	free	796	432672		147968		-1
826	free	823	508672		223968		-1
827	alloc	38112	470560		223968		216608
828	alloc	110112	360448		113856		633664
829	free	821	427808		167552		-1
830	free	828	537920		223968		-1
831	free	808	542048		223968		-1
832	alloc	2656	539392		223968		0
833	free	832	542048		223968		-1
834	alloc	120352	421696		223968		254720
835	alloc	80864	340832		143104		633664
836	alloc	48544	292288		143104		375072
837	free	811	418272		143104		-1
838	alloc	18784	399488		143104		0
839	alloc	50592	348896		143104		423616
840	free	812	455936		143104		-1
841	alloc	54880	401056		143104		72544
842	free	814	478144		220192		-1
843	free	820	529696		334048		-1
844	free	834	650048		334048		-1
845	free	819	732960		334048		-1
846	alloc	103264	629696		334048		254720
847	alloc	114464	515232		334048		474208
848	free	846	618496		334048		-1
849	alloc	14112	604384		334048		18784
850	free	836	652928		334048		-1
851	alloc	21344	631584		334048		32896
852	free	847	746048		334048		-1
853	free	835	826912		334048		-1
854	free	824	850752		574368		-1
855	alloc	56928	793824		574368		127424
856	alloc	126624	667200		574368		254720
857	free	827	705312		574368		-1
858	alloc	63584	641728		574368		184352
859	free	839	692320		574368		-1
860	free	841	747200		667232		-1
861	alloc	18912	728288		667232		54240
862	free	838	747072		667232		-1
863	alloc	111328	635744		555904		381344
864	alloc	113120	522624		442784		492672
865	alloc	59104	463520		383680		605792
866	alloc	2592	460928		383680		0
867	alloc	800	460128		383680		2592
868	free	861	479040		383680		-1
869	alloc	92832	386208		290848		664896
870	alloc	125088	261120		165760		757728
871	alloc	124128	136992		73184		882816
872	free	867	137792		73184		-1
873	alloc	80736	137792		73184		-1
874	alloc	24736	113056		48448		54240
875	free	856	239680		133408		-1
876	free	849	253792		133408		-1
877	free	866	256384		133408		-1
878	alloc	58400	197984		75008		247936
879	alloc	7584	190400		75008		0
880	free	863	301728		186336		-1
881	free	851	323072		186336		-1
882	free	870	448160		186336		-1
883	free	865	507264		186336		-1
884	free	858	570848		186336		-1
885	free	855	627776		186336		-1
886	alloc	117920	509856		125088		306336
887	alloc	14752	495104		125088		7584
888	free	871	619232		249216		-1
889	free	879	626816		290848		-1
890	free	878	685216		290848		-1
891	free	864	798336		290848		-1
892	free	874	823072		290848		-1
893	alloc	107744	715328		290848		78976
894	alloc	57568	657760		290848		186720
895	alloc	160	657600		290848		0
896	alloc	58720	598880		290848		244288
897	free	869	691712		333472		-1
898	alloc	121440	570272		290848		424256
899	free	873	570272		502880		-1
900	alloc	38496	531776		502880		22336
901	free	895	531936		502880		-1
902	alloc	29344	502592		473536		545696
903	free	886	620512		473536		-1
904	free	887	635264		473536		-1
905	alloc	25120	610144		473536		303008
906	alloc	29984	580160		473536		328128
907	free	905	605280		473536		-1
908	free	893	713024		473536		-1
909	free	906	743008		473536		-1
910	alloc	59104	683904		473536		60832
911	free	896	742624		473536		-1
912	alloc	77344	665280		473536		244288
913	free	900	703776		473536		-1
914	alloc	25312	678464		473536		0
915	alloc	14112	664352		473536		25312
916	free	894	721920		473536		-1
917	alloc	42336	679584		473536		119936
918	alloc	18976	660608		473536		39424
919	alloc	68192	592416		473536		162272
920	free	902	621760		502880		-1
921	free	919	689952		502880		-1
922	free	910	749056		502880		-1
923	alloc	25504	723552		502880		58400
924	free	898	844992		502880		-1
925	free	912	922336		726944		-1
926	alloc	4576	917760		726944		83904
927	free	918	936736		886304		-1
928	free	915	950848		886304		-1
929	alloc	126048	824800		760256		162272
930	free	929	950848		886304		-1
931	alloc	34464	916384		851840		162272
932	free	926	920960		851840		-1
933	alloc	22240	898720		851840		25312
934	alloc	30048	868672		851840		83904
935	free	914	893984		851840		-1
936	alloc	68704	825280		783136		196736
937	alloc	60768	764512		722368		265440
938	free	917	806848		722368		-1
939	alloc	126368	680480		596000		326208
940	alloc	110624	569856		485376		452576
941	alloc	57248	512608		428128		563200
942	free	933	534848		428128		-1
943	alloc	3360	531488		428128		0
944	alloc	110496	420992		317632		620448
945	alloc	90400	330592		227232		730944
946	free	931	365056		227232		-1
947	free	945	455456		317632		-1
948	free	941	512704		317632		-1
949	alloc	50400	462304		317632		3360
950	alloc	52704	409600		317632		113952
951	alloc	116832	292768		200800		730944
952	free	939	419136		200800		-1
953	free	923	444640		200800		-1
954	alloc	16800	427840		200800		53760
955	alloc	101728	326112		200800		326208
956	alloc	37664	288448		200800		563200
957	free	954	305248		200800		-1
958	free	949	355648		200800		-1
959	free	943	359008		200800		-1
960	alloc	30368	328640		200800		0
961	free	944	439136		200800		-1
962	alloc	32672	406464		200800		30368
963	free	936	475168		200800		-1
964	free	934	505216		200800		-1
965	free	937	565984		200800		-1
966	alloc	41184	524800		200800		63040
967	alloc	75168	449632		200800		166656
968	free	956	487296		200800		-1
969	free	940	597920		200800		-1
970	alloc	95456	502464		200800		427936
971	free	955	604192		207552		-1
972	alloc	76320	527872		207552		241824
973	free	972	604192		207552		-1
974	alloc	30944	573248		207552		241824
975	alloc	1376	571872		207552		104224
976	free	950	624576		207552		-1
977	free	951	741408		324384		-1
978	alloc	78880	662528		324384		272768
979	free	960	692896		525184		-1
980	alloc	13536	679360		525184		0
981	alloc	90656	588704		434528		523392
982	free	980	602240		434528		-1
983	alloc	4640	597600		434528		0
984	alloc	87840	509760		346688		614048
985	free	962	542432		346688		-1
986	alloc	26592	515840		346688		4640
987	alloc	42016	473824		346688		105600
988	free	975	475200		346688		-1
989	alloc	119072	356128		227616		701888
990	free	966	397312		227616		-1
991	free	967	472480		227616		-1
992	free	970	567936		227616		-1
993	free	974	598880		227616		-1
994	free	978	677760		227616		-1
995	free	981	768416		375776		-1
996	free	983	773056		466432		-1
997	free	984	860896		554272		-1
998	free	986	887488		554272		-1
999	free	987	929504		701888		-1
1000	free	989	1048576		1048576		-1
